Brazil
Chile
Nigeria
Denmark
Holland
Yugoslavia
Argentina
England
Italy
Norway
France
Paraguay
Germany
Mexico
Romania
Croatia
50 65 50 60 55 50 50 65 45 55 40 55 40 55 50 50
35 50 35 45 40 35 35 50 30 40 25 40 25 40 35 35
50 65 50 60 55 50 50 65 45 55 40 55 40 55 50 50
40 55 40 50 45 40 40 55 35 45 30 45 30 45 40 40
45 60 45 55 50 45 45 60 40 50 35 50 35 50 45 45
50 65 50 60 55 50 50 65 45 55 40 55 40 55 50 50
50 65 50 60 55 50 50 65 45 55 40 55 40 55 50 50
35 50 35 45 40 35 35 50 30 40 25 40 25 40 35 35
55 70 55 65 60 55 55 70 50 60 45 60 45 60 55 55
45 60 45 55 50 45 45 60 40 50 35 50 35 50 45 45
60 75 60 70 65 60 60 75 55 65 50 65 50 65 60 60
45 60 45 55 50 45 45 60 40 50 35 50 35 50 45 45
60 75 60 70 65 60 60 75 55 65 50 65 50 65 60 60
45 60 45 55 50 45 45 60 40 50 35 50 35 50 45 45
50 65 50 60 55 50 50 65 45 55 40 55 40 55 50 50
50 65 50 60 55 50 50 65 45 55 40 55 40 55 50 50
